42.418514 18.341770
42.216015 18.737675
42.012554 19.133354
41.808113 19.528811
41.602676 19.924040
41.396210 20.319025
41.188683 20.713770
40.980076 21.108269
40.770355 21.502506
40.559490 21.896482
40.347469 22.290184
40.134239 22.683615
39.919788 23.076761
39.704075 23.469610
39.487080 23.862164
39.268768 24.254416
39.049099 24.646353
38.828049 25.037966
38.605583 25.429255
38.381664 25.820198
38.156273 26.210800
37.929356 26.601053
37.700897 26.990936
37.470837 27.380455
37.239159 27.769588
37.005814 28.158333
36.770771 28.546682
36.533989 28.934626
36.295433 29.322151
36.055054 29.709242
35.812813 30.095901
35.568680 30.482107
35.322594 30.867861
35.074528 31.253151
34.824425 31.637951
34.572243 32.022259
34.317944 32.406067
34.061470 32.789360
33.802780 33.172127
33.541817 33.554359
33.278542 33.936028
33.012897 34.317139
32.744827 34.697666
32.474285 35.077606
32.201214 35.456936
31.925556 35.835644
31.647261 36.213726
31.366259 36.591145
31.082502 36.967903
30.795925 37.343975
30.506458 37.719360
30.214054 38.094017
29.918634 38.467949
29.620146 38.841133
29.318506 39.213543
29.013655 39.585167
28.705521 39.955990
28.394030 40.325993
28.079103 40.695141
27.760681 41.063435
27.438667 41.430832
27.113001 41.797325
26.783594 42.162891
26.450357 42.527493
26.113214 42.891129
25.772081 43.253761
25.426867 43.615368
25.077478 43.975925
24.723825 44.335403
24.365818 44.693771
24.003366 45.051018
23.636356 45.407097
23.264702 45.761990
22.888298 46.115650
22.507036 46.468071
22.120817 46.819206
21.729532 47.169022
21.333067 47.517483
20.931309 47.864571
20.524151 48.210236
20.111467 48.554443
19.693138 48.897152
19.269056 49.238331
18.839081 49.577938
18.403090 49.915928
17.960964 50.252254
17.512569 50.586887
17.057775 50.919765
16.596443 51.250858
16.128439 51.580116
15.653618 51.907475
15.171844 52.232899
14.682986 52.556332
14.186883 52.877731
13.683395 53.197025
13.172375 53.514164
12.653683 53.829090
12.127151 54.141747
11.592648 54.452072
11.050009 54.760006
10.499086 55.065468
10.989760 55.356834
11.486124 55.647068
11.988314 55.936119
12.496452 56.223972
13.010696 56.510574
13.531178 56.795910
14.058011 57.079906
14.591373 57.362556
15.131382 57.643780
15.678193 57.923580
16.231972 58.201897
16.792845 58.478657
17.360994 58.753845
17.936554 59.027401
18.519688 59.299282
19.110567 59.569424
19.709351 59.837803
20.316189 60.104328
20.931274 60.368980
21.554741 60.631676
22.186789 60.892361
22.827574 61.151009
23.477272 61.407516
24.136040 61.661839
24.804062 61.913898
25.481501 62.163651
26.168537 62.411022
26.865335 62.655926
27.572062 62.898315
28.288879 63.138096
29.015953 63.375198
29.753454 63.609554
30.501537 63.841072
31.260344 64.069695
32.030041 64.295319
32.810764 64.517868
33.602638 64.737244
34.405823 64.953384
35.220413 65.166176
36.046551 65.375542
36.884319 65.581383
37.733818 65.783607
38.595131 65.982124
39.468353 66.176819
40.353500 66.367630
41.250641 66.554436
42.159805 66.737122
43.080997 66.915596
44.014214 67.089775
44.959431 67.259560
45.916599 67.424828
46.885635 67.585464
47.866489 67.741402
48.859039 67.892509
49.863125 68.038689
50.878590 68.179832
51.905270 68.315872
52.942924 68.446678
53.991364 68.572151
55.050274 68.692223
56.119373 68.806786
57.198315 68.915726
58.286808 69.018959
59.384399 69.116447
60.490734 69.208038
61.605347 69.293694
62.727798 69.373329
63.857578 69.446877
64.994186 69.514259
66.137062 69.575432
67.285675 69.630302
68.439438 69.678871
69.597763 69.721039
70.760002 69.756798
71.925529 69.786118
73.093704 69.808937
74.263893 69.825272
75.435448 69.835075
76.607643 69.838364
77.779846 69.835098
78.951370 69.825325
80.121544 69.809013
81.289764 69.786209
82.455315 69.756935
83.617569 69.721191
84.775902 69.679047
85.929665 69.630524
87.078323 69.575653
88.221222 69.514511
89.357849 69.447151
90.487656 69.373642
91.610153 69.294022
92.724792 69.208397
93.831154 69.116814
94.928780 69.019386
96.017288 68.916161
97.096298 68.807236
98.165451 68.692688
99.224403 68.572655
100.272858 68.447197
101.310555 68.316406
102.337280 68.180405
103.352814 68.039268
104.356949 67.893089
105.349533 67.742020
106.330414 67.586105
107.299500 67.425484
108.256729 67.260239
109.201996 67.090477
110.135254 66.916313
111.056503 66.737846
111.965714 66.555168
112.862907 66.368393
113.748093 66.177597
114.621361 65.982910
115.482727 65.784401
116.332298 65.582191
117.170097 65.376358
117.996262 65.167023
118.810905 64.954231
119.614120 64.738121
120.406067 64.518753
121.186836 64.296219
121.956573 64.070610
122.715424 63.841999
123.463531 63.610493
124.201080 63.376141
124.928207 63.139050
125.645065 62.899292
126.351830 62.656906
127.048653 62.412003
127.735733 62.164650
128.413223 61.914917
129.081284 61.662857
129.740097 61.408546
130.389816 61.152039
131.030624 60.893414
131.662704 60.632721
132.286224 60.370045
132.901321 60.105396
133.508209 59.838875
134.107040 59.570503
134.697937 59.300362
135.281113 59.028500
135.856689 58.754936
136.424850 58.479763
136.985779 58.202995
137.539597 57.924702
138.086426 57.644920
138.626465 57.363682
139.159851 57.081039
139.686707 56.797043
139.647415 56.199608
139.096725 55.885002
138.554916 55.567978
138.021805 55.248604
137.497223 54.926952
136.980988 54.603065
136.472931 54.277023
135.972885 53.948864
135.480667 53.618687
134.996109 53.286507
134.519058 52.952389
134.049347 52.616398
133.586792 52.278580
133.131256 51.938980
132.682587 51.597641
132.240631 51.254620
131.805222 50.909966
131.376236 50.563709
130.953537 50.215908
130.536957 49.866589
130.126373 49.515800
129.721649 49.163578
129.322647 48.809967
128.929245 48.454990
128.541321 48.098701
128.158737 47.741116
127.781395 47.382282
127.409157 47.022221
127.041924 46.660976
126.679565 46.298569
126.321976 45.935028
125.969063 45.570396
125.620697 45.204681
125.276779 44.837929
124.937241 44.470150
124.601944 44.101383
124.270821 43.731647
123.943764 43.360973
123.620682 42.989365
123.301491 42.616867
122.986084 42.243496
122.674416 41.869263
122.366356 41.494198
122.061867 41.118336
121.760849 40.741665
121.463211 40.364227
121.168900 39.986038
120.877823 39.607105
120.589935 39.227455
120.305145 38.847107
120.023369 38.466072
119.744576 38.084366
119.468666 37.702019
119.195595 37.319031
118.925293 36.935417
118.657700 36.551197
118.392769 36.166397
118.130424 35.781006
117.870605 35.395058
117.613266 35.008549
117.358353 34.621513
117.105797 34.233944
116.855568 33.845867
116.607605 33.457291
116.361855 33.068218
116.118263 32.678673
115.876793 32.288662
115.637390 31.898197
115.400017 31.507278
115.164619 31.115932
114.931152 30.724159
114.699577 30.331978
114.469849 29.939381
114.241928 29.546392
114.015785 29.153019
113.791351 28.759275
113.568611 28.365160
113.347519 27.970676
113.128036 27.575853
112.910141 27.180679
112.693771 26.785177
112.478905 26.389347
112.265518 25.993200
112.053558 25.596737
111.843002 25.199972
111.633804 24.802910
111.425949 24.405561
111.219406 24.007933
111.014130 23.610027
110.810104 23.211851
110.607285 22.813414
110.405647 22.414724
110.205154 22.015783
110.005806 21.616602
109.807549 21.217180
109.610367 20.817533
109.414215 20.417664
109.219093 20.017569
109.024956 19.617270
108.434219 19.386051
108.035347 19.553459
107.635170 19.718973
107.233681 19.882570
106.830925 20.044237
106.426857 20.203964
106.021507 20.361738
105.614883 20.517536
105.206993 20.671350
104.797829 20.823166
104.387413 20.972969
103.975746 21.120745
103.562828 21.266483
103.148682 21.410162
102.733315 21.551779
102.316727 21.691313
101.898941 21.828751
101.479942 21.964079
101.059761 22.097294
100.638412 22.228367
100.215897 22.357296
99.792236 22.484064
99.367439 22.608654
98.941498 22.731066
98.514458 22.851274
98.086311 22.969273
97.657074 23.085051
97.226784 23.198595
96.795425 23.309887
96.363029 23.418921
95.929604 23.525686
95.495163 23.630175
95.059738 23.732363
94.623344 23.832253
94.185989 23.929821
93.747696 24.025066
93.308464 24.117977
92.868340 24.208540
92.427338 24.296743
91.985474 24.382582
91.542763 24.466047
91.099220 24.547125
90.654877 24.625803
90.209755 24.702084
89.763863 24.775948
89.317230 24.847391
88.869896 24.916403
88.421860 24.982979
87.973152 25.047112
87.523796 25.108788
87.073799 25.168003
86.623215 25.224754
86.172058 25.279026
85.720345 25.330820
85.268097 25.380129
84.815338 25.426945
84.362106 25.471262
83.908417 25.513075
83.454315 25.552380
82.999802 25.589167
82.544907 25.623440
82.089653 25.655191
81.634087 25.684416
81.178223 25.711109
80.722084 25.735271
80.265694 25.756899
79.809105 25.775984
79.352310 25.792532
78.895355 25.806536
78.438263 25.817993
77.981049 25.826908
77.523773 25.833271
77.066444 25.837088
76.609077 25.838358
76.151711 25.837082
75.694366 25.833252
75.237083 25.826878
74.779884 25.817951
74.322800 25.806486
73.865845 25.792471
73.409042 25.775911
72.952446 25.756819
72.496071 25.735180
72.039932 25.711012
71.584068 25.684303
71.128502 25.655067
70.673256 25.623312
70.218361 25.589027
69.763847 25.552229
69.309738 25.512911
68.856049 25.471087
68.402824 25.426764
67.950081 25.379936
67.497833 25.330620
67.046112 25.278814
66.594948 25.224527
66.144371 25.167772
65.694397 25.108545
65.245033 25.046856
64.796318 24.982718
64.348282 24.916132
63.900951 24.847111
63.454327 24.775654
63.008442 24.701777
62.563320 24.625492
62.118984 24.546803
61.675446 24.465714
61.232731 24.382244
60.790874 24.296396
60.349861 24.208178
59.909744 24.117607
59.470535 24.024689
59.032242 23.929436
58.594879 23.831852
58.158485 23.731956
57.723064 23.629759
57.288647 23.525265
56.855221 23.418489
56.422825 23.309444
55.991478 23.198141
55.561176 23.084589
55.131950 22.968805
54.703815 22.850796
54.276772 22.730577
53.850849 22.608158
53.426044 22.483557
53.002384 22.356779
52.579876 22.227842
52.158524 22.096758
51.738358 21.963541
51.319366 21.828203
50.901581 21.690752
50.485001 21.551212
50.069633 21.409590
49.655495 21.265900
49.242588 21.120155
48.830921 20.972372
48.420502 20.822556
48.011349 20.670736
47.603462 20.516912
47.196838 20.361105
46.791508 20.203327
46.387447 20.043594
45.984680 19.881918
45.583214 19.718313
45.183037 19.552792
44.784168 19.385374
44.386604 19.216068
43.990349 19.044893
43.595417 18.871862
43.201801 18.696989
42.809498 18.520285
