-113.696442 -19.427252
-113.792969 -18.996798
-113.889000 -18.566294
-113.984550 -18.135738
-114.079628 -17.705139
-114.174248 -17.274496
-114.268433 -16.843807
-114.362183 -16.413074
-114.455521 -15.982302
-114.548470 -15.551488
-114.641014 -15.120634
-114.733200 -14.689747
-114.825012 -14.258821
-114.916466 -13.827861
-115.007591 -13.396865
-115.098396 -12.965837
-115.188881 -12.534782
-115.279053 -12.103694
-115.368950 -11.672576
-115.458565 -11.241429
-115.547913 -10.810257
-115.637009 -10.379060
-115.725853 -9.947838
-115.814461 -9.516592
-115.902840 -9.085323
-115.991005 -8.654034
-116.078979 -8.222724
-116.166771 -7.791399
-116.254364 -7.360052
-116.341805 -6.928687
-116.429062 -6.497308
-116.516190 -6.065913
-116.603165 -5.634505
-116.690018 -5.203084
-116.776749 -4.771651
-116.863373 -4.340207
-116.949898 -3.908754
-117.036339 -3.477292
-117.122681 -3.045820
-117.208977 -2.614346
-117.295212 -2.182861
-117.381386 -1.751374
-117.467529 -1.319881
-117.553627 -0.888385
-117.639732 -0.456890
-117.725807 -0.025390
-117.811874 0.406108
-117.897964 0.837604
-117.984077 1.269100
-118.070206 1.700592
-118.156395 2.132080
-118.242599 2.563565
-118.328880 2.995043
-118.415230 3.426514
-118.501656 3.857977
-118.588173 4.289433
-118.674789 4.720877
-118.761505 5.152311
-118.848343 5.583733
-118.935310 6.015143
-119.022408 6.446539
-119.109665 6.877920
-119.197067 7.309285
-119.284660 7.740633
-119.372414 8.171964
-119.460358 8.603276
-119.548508 9.034567
-119.636864 9.465837
-119.725449 9.897086
-119.814270 10.328311
-119.903320 10.759512
-119.992645 11.190686
-120.082222 11.621835
-120.172073 12.052957
-120.262222 12.484048
-120.352684 12.915111
-120.443443 13.346142
-120.534531 13.777140
-120.625946 14.208105
-120.717712 14.639034
-120.809853 15.069927
-120.902359 15.500784
-120.995255 15.931602
-121.088539 16.362379
-121.182251 16.793119
-121.276382 17.223812
-121.370949 17.654463
-121.465973 18.085066
-121.561462 18.515625
-121.657440 18.946135
-121.753906 19.376596
-121.850899 19.807003
-121.948402 20.237362
-122.046455 20.667665
-122.145058 21.097910
-122.244232 21.528097
-122.344009 21.958231
-122.444374 22.388298
-122.545380 22.818304
-122.647011 23.248249
-122.749313 23.678131
-122.852287 24.107937
-122.955940 24.537678
-123.060318 24.967346
-123.165421 25.396942
-123.271278 25.826464
-123.377907 26.255907
-123.485336 26.685274
-123.593552 27.114553
-123.702629 27.543751
-123.812553 27.972866
-123.923340 28.401892
-124.035057 28.830828
-124.147667 29.259672
-123.688896 29.351480
-123.229584 29.442827
-122.769745 29.533703
-122.309364 29.624104
-121.848450 29.714020
-121.386986 29.803444
-120.924980 29.892372
-120.462456 29.980799
-119.999382 30.068718
-119.535759 30.156120
-119.071609 30.242996
-118.606941 30.329344
-118.141693 30.415161
-117.675919 30.500441
-117.209595 30.585165
-116.742737 30.669348
-116.275314 30.752958
-115.807381 30.836010
-115.338882 30.918491
-114.869858 31.000397
-114.400291 31.081713
-113.930183 31.162439
-113.459541 31.242567
-112.988388 31.322096
-112.516663 31.401014
-112.044411 31.479319
-111.571609 31.557003
-111.098297 31.634060
-110.624435 31.710487
-110.150047 31.786272
-109.675125 31.861414
-109.199684 31.935907
-108.723717 32.009747
-108.247223 32.082916
-107.770203 32.155422
-107.292671 32.227257
-106.814644 32.298401
-106.336075 32.368874
-105.856995 32.438648
-105.377396 32.507729
-104.897285 32.576111
-104.416687 32.643780
-103.935577 32.710743
-103.453972 32.776981
-102.971855 32.842499
-102.489258 32.907288
-102.006172 32.971340
-101.522591 33.034657
-101.038567 33.097221
-100.554024 33.159039
-100.069000 33.220100
-99.583511 33.280403
-99.097557 33.339939
-98.611137 33.398705
-98.124237 33.456696
-97.636948 33.513901
-97.149078 33.570335
-96.660912 33.625961
-96.172165 33.680813
-95.683121 33.734844
-95.193558 33.788078
-94.703575 33.840504
-94.213173 33.892117
-93.722351 33.942913
-93.231110 33.992886
-92.739464 34.042034
-92.247421 34.090347
-91.754982 34.137825
-91.262131 34.184467
-90.768921 34.230267
-90.275314 34.275211
-89.781342 34.319309
-89.287003 34.362549
-88.792290 34.404934
-88.297302 34.446449
-87.801826 34.487106
-87.306137 34.526882
-86.809975 34.565796
-86.313629 34.603825
-85.816811 34.640980
-85.319832 34.677238
-84.822388 34.712616
-84.324783 34.747097
-83.826752 34.780693
-83.328568 34.813385
-82.830025 34.845181
-82.331215 34.876076
-81.832138 34.906063
-81.332802 34.935139
-80.833206 34.963303
-80.333374 34.990555
-79.833305 35.016891
-79.333015 35.042313
-78.832481 35.066807
-78.331749 35.090378
-77.830811 35.113026
-77.329666 35.134747
-76.828339 35.155537
-76.326828 35.175396
-75.825218 35.194317
-75.323303 35.212311
-74.821358 35.229362
-74.319138 35.245476
-73.816910 35.260647
-73.314438 35.274883
-72.811897 35.288174
-72.309227 35.300514
-71.806473 35.311916
-71.303589 35.322369
-70.800621 35.331879
-70.297577 35.340439
-69.794464 35.348045
-69.291267 35.354706
-68.788048 35.360413
-68.284760 35.365170
-67.781433 35.368977
-67.278076 35.371834
-66.774689 35.373737
-66.271309 35.374691
-65.767914 35.374691
-65.264557 35.373737
-64.761177 35.371830
-64.257820 35.368977
-63.754498 35.365166
-63.251209 35.360405
-62.747967 35.354694
-62.244759 35.348034
-61.741642 35.340420
-61.238590 35.331863
-60.735630 35.322353
-60.232758 35.311897
-59.729988 35.300499
-59.227348 35.288155
-58.724804 35.274860
-58.222374 35.260628
-57.720074 35.245453
-57.217926 35.229336
-56.715919 35.212284
-56.214073 35.194294
-55.712391 35.175365
-55.210880 35.155506
-54.709557 35.134716
-54.208424 35.112995
-53.707481 35.090347
-53.206718 35.066772
-52.706257 35.042278
-52.205933 35.016853
-51.705864 34.990517
-51.206036 34.963264
-50.706448 34.935097
-50.207111 34.906013
-49.708031 34.876030
-49.209221 34.845139
-48.710686 34.813339
-48.212433 34.780643
-47.714474 34.747051
-47.216801 34.712563
-46.719467 34.677185
-46.222408 34.640923
-45.725670 34.603767
-45.229221 34.565735
-44.733131 34.526825
-44.237385 34.487041
-43.741978 34.446392
-43.246918 34.404865
-42.752213 34.362484
-42.257874 34.319244
-41.763901 34.275143
-41.270302 34.230194
-40.777088 34.184395
-40.284279 34.137760
-39.791840 34.090275
-39.299793 34.041958
-38.808147 33.992813
-38.316914 33.942841
-37.826099 33.892044
-37.335693 33.840427
-36.845715 33.788002
-36.356163 33.734764
-35.867016 33.680721
-35.378334 33.625881
-34.890099 33.570244
-34.402313 33.513817
-33.915001 33.456612
-33.428123 33.398624
-32.941704 33.339851
-32.455746 33.280315
-31.970259 33.220013
-31.485245 33.158947
-31.000708 33.097130
-30.516645 33.034557
-30.033072 32.971245
-29.549986 32.907192
-29.067385 32.842403
-28.585276 32.776886
-28.103701 32.710644
-27.622595 32.643684
-27.141989 32.576012
-26.661892 32.507633
-26.182264 32.438545
-25.703188 32.368767
-25.224621 32.298298
-24.746567 32.227146
-24.269033 32.155308
-23.792021 32.082806
-23.315529 32.009632
-22.839561 31.935791
-22.364119 31.861301
-21.889233 31.786165
-21.510303 31.277969
-21.604891 30.845495
-21.698631 30.412949
-21.791540 29.980339
-21.883648 29.547663
-21.974968 29.114929
-22.065519 28.682127
-22.155329 28.249268
-22.244411 27.816353
-22.332788 27.383377
-22.420473 26.950350
-22.507490 26.517265
-22.593847 26.084135
-22.679573 25.650946
-22.764675 25.217707
-22.849178 24.784424
-22.933086 24.351095
-23.016424 23.917717
-23.099211 23.484295
-23.181452 23.050833
-23.263159 22.617323
-23.344358 22.183775
-23.425055 21.750187
-23.505276 21.316561
-23.585011 20.882895
-23.664291 20.449190
-23.743126 20.015453
-23.821526 19.581682
-23.899508 19.147877
-23.977077 18.714035
-24.054249 18.280165
-24.131041 17.846266
-24.207457 17.412333
-24.283506 16.978373
-24.359209 16.544384
-24.434576 16.110369
-24.509607 15.676329
-24.584322 15.242260
-24.658726 14.808167
-24.732838 14.374052
-24.806662 13.939914
-24.880205 13.505754
-24.953484 13.071571
-25.026501 12.637369
-25.099277 12.203147
-25.171810 11.768905
-25.244114 11.334645
-25.316204 10.900368
-25.388081 10.466073
-25.459755 10.031763
-25.531235 9.597438
-25.602539 9.163097
-25.673666 8.728744
-25.744625 8.294377
-25.815430 7.859997
-25.886084 7.425605
-25.956598 6.991203
-26.026987 6.556790
-26.097250 6.122366
-26.167398 5.687934
-26.237442 5.253494
-26.307388 4.819046
-26.377243 4.384590
-26.447018 3.950128
-26.516720 3.515661
-26.586357 3.081187
-26.655935 2.646711
-26.725464 2.212229
-26.794956 1.777743
-26.864412 1.343257
-26.933849 0.908767
-27.003263 0.474276
-27.072670 0.039785
-27.142076 -0.394708
-27.211493 -0.829196
-27.280922 -1.263686
-27.350374 -1.698174
-27.419857 -2.132659
-27.489382 -2.567140
-27.558950 -3.001620
-27.628574 -3.436093
-27.698267 -3.870562
-27.768023 -4.305025
-27.837866 -4.739482
-27.907793 -5.173933
-27.977823 -5.608377
-28.047949 -6.042806
-28.118191 -6.477232
-28.188551 -6.911646
-28.259045 -7.346052
-28.329674 -7.780447
-28.400452 -8.214828
-28.471382 -8.649197
-28.542475 -9.083554
-28.613741 -9.517897
-28.685192 -9.952227
-28.756836 -10.386539
-28.828671 -10.820833
-28.900719 -11.255114
-28.972984 -11.689378
-29.045477 -12.123624
-29.118204 -12.557849
-29.191179 -12.992055
-29.264408 -13.426240
-29.337904 -13.860407
-29.411678 -14.294548
-29.485727 -14.728670
-29.560080 -15.162768
-29.634735 -15.596837
-29.709717 -16.030882
-29.785015 -16.464907
-29.860653 -16.898897
-30.335733 -17.269335
-30.734768 -17.206425
-31.133801 -17.144127
-31.532806 -17.082449
-31.931782 -17.021391
-32.330738 -16.960958
-32.729668 -16.901155
-33.128571 -16.841982
-33.527454 -16.783443
-33.926308 -16.725540
-34.325180 -16.668274
-34.724003 -16.611650
-35.122807 -16.555674
-35.521595 -16.500343
-35.920341 -16.445665
-36.319103 -16.391638
-36.717846 -16.338268
-37.116577 -16.285553
-37.515293 -16.233500
-37.914001 -16.182106
-38.312695 -16.131382
-38.711384 -16.081322
-39.110062 -16.031933
-39.508728 -15.983219
-39.907387 -15.935175
-40.306042 -15.887814
-40.704659 -15.841128
-41.103306 -15.795128
-41.501938 -15.749807
-41.900570 -15.705175
-42.299221 -15.661228
-42.697842 -15.617973
-43.096462 -15.575412
-43.495083 -15.533545
-43.893696 -15.492373
-44.292309 -15.451902
-44.690922 -15.412128
-45.089531 -15.373061
-45.488144 -15.334694
-45.886730 -15.297038
-46.285343 -15.260086
-46.683952 -15.223844
-47.082565 -15.188313
-47.481178 -15.153498
-47.879795 -15.119394
-48.278412 -15.086009
-48.677029 -15.053344
-49.075649 -15.021394
-49.474274 -14.990170
-49.872925 -14.959662
-50.271549 -14.929884
-50.670181 -14.900832
-51.068790 -14.872505
-51.467426 -14.844908
-51.866066 -14.818040
-52.264709 -14.791904
-52.663357 -14.766500
-53.062008 -14.741831
-53.460659 -14.717894
-53.859318 -14.694694
-54.257977 -14.672233
-54.656639 -14.650509
-55.055305 -14.629521
-55.454002 -14.609277
-55.852631 -14.589777
-56.251331 -14.571014
-56.650009 -14.552997
-57.048695 -14.535723
-57.447380 -14.519196
-57.846069 -14.503412
-58.244762 -14.488378
-58.643463 -14.474087
-59.042160 -14.460546
-59.440865 -14.447755
-59.839565 -14.435712
-60.238277 -14.424417
-60.636982 -14.413876
-61.035675 -14.404082
-61.434387 -14.395043
-61.833099 -14.386753
-62.231815 -14.379215
-62.630535 -14.372432
-63.029255 -14.366401
-63.428001 -14.361122
-63.826729 -14.356599
-64.225449 -14.352827
-64.624176 -14.349810
-65.022896 -14.347548
-65.421623 -14.346038
-65.820328 -14.345284
-66.219048 -14.345282
-66.617775 -14.346036
-67.016510 -14.347544
-67.415237 -14.349805
-67.813957 -14.352822
-68.212677 -14.356592
-68.611389 -14.361115
-69.010124 -14.366392
-69.408844 -14.372423
-69.807564 -14.379206
-70.206276 -14.386741
-70.605003 -14.395029
-71.003700 -14.404069
-71.402412 -14.413860
-71.801125 -14.424400
-72.199860 -14.435695
-72.598511 -14.447735
-72.997269 -14.460527
-73.395912 -14.474067
-73.794662 -14.488357
-74.193306 -14.503392
-74.591995 -14.519170
-74.990692 -14.535699
-75.389366 -14.552972
-75.788055 -14.570989
-76.186729 -14.589747
-76.585411 -14.609250
-76.984085 -14.629493
-77.382744 -14.650475
-77.781410 -14.672200
-78.180084 -14.694661
-78.578735 -14.717858
-78.977394 -14.741793
-79.376045 -14.766463
-79.774696 -14.791865
-80.173279 -14.817999
-80.571976 -14.844869
-80.970558 -14.872461
-81.369255 -14.900791
-81.767822 -14.929840
-82.166512 -14.959621
-82.565079 -14.990120
-82.963760 -15.021347
-83.362328 -15.053290
-83.761002 -15.085962
-84.159561 -15.119342
-84.558189 -15.153445
-84.956795 -15.188260
-85.355415 -15.223789
-85.754021 -15.260030
-86.152634 -15.296978
-86.551254 -15.334640
-86.949860 -15.373003
-87.348473 -15.412070
-87.747078 -15.451842
-88.145706 -15.492314
-88.544319 -15.533484
-88.942940 -15.575351
-89.341560 -15.617911
-89.740181 -15.661165
-90.138763 -15.705104
-90.537445 -15.749741
-90.936028 -15.795054
-91.334724 -15.841063
-91.733345 -15.887741
-92.132004 -15.935107
-92.530655 -15.983146
-92.929329 -16.031860
-93.328011 -16.081247
-93.726700 -16.131306
-94.125397 -16.182032
-94.524078 -16.233419
-94.922798 -16.285471
-95.321526 -16.338186
-95.720268 -16.391556
-96.119034 -16.445583
-96.517807 -16.500265
-96.916595 -16.555592
-97.315399 -16.611568
-97.714226 -16.668192
-98.113068 -16.725452
-98.511932 -16.783356
-98.910812 -16.841894
-99.309692 -16.901064
-99.708626 -16.960867
-100.107582 -17.021297
-100.506554 -17.082352
-100.905563 -17.144032
-101.304596 -17.206327
-101.703659 -17.269243
-102.102745 -17.332769
-102.501869 -17.396908
-102.901031 -17.461649
-103.300217 -17.526997
-103.699448 -17.592945
-104.098717 -17.659492
-104.497993 -17.726629
-104.897346 -17.794359
-105.296715 -17.862682
-105.696144 -17.931585
-106.095634 -18.001074
-106.495140 -18.071138
-106.894707 -18.141779
-107.294327 -18.212990
-107.694008 -18.284769
-108.093719 -18.357115
-108.493500 -18.430019
-108.893333 -18.503481
-109.293198 -18.577497
-109.693146 -18.652063
-110.093170 -18.727180
-110.493248 -18.802841
-110.893387 -18.879040
-111.293602 -18.955776
-111.693901 -19.033047
-112.094246 -19.110844
-112.494675 -19.189167
-112.895180 -19.268011
-113.295769 -19.347376
