76.908363 -0.104157
76.762253 0.310872
76.616135 0.725905
76.469986 1.140929
76.323784 1.555948
76.177536 1.970955
76.031219 2.385947
75.884804 2.800929
75.738289 3.215888
75.591652 3.630826
75.444885 4.045747
75.297966 4.460634
75.150871 4.875492
75.003616 5.290324
74.856140 5.705115
74.708466 6.119868
74.560555 6.534587
74.412407 6.949258
74.263985 7.363885
74.115295 7.778462
73.966309 8.192987
73.817009 8.607459
73.667381 9.021872
73.517418 9.436223
73.367081 9.850513
73.216370 10.264732
73.065277 10.678884
72.913757 11.092966
72.761810 11.506968
72.609413 11.920896
72.456558 12.334736
72.303215 12.748492
72.149376 13.162162
71.995003 13.575737
71.840103 13.989216
71.684631 14.402604
71.528603 14.815882
71.371964 15.229053
71.214714 15.642122
71.056831 16.055077
70.898285 16.467911
70.739059 16.880634
70.579140 17.293226
70.418510 17.705696
70.257133 18.118031
70.094994 18.530230
69.932068 18.942293
69.768341 19.354212
69.603783 19.765984
69.438377 20.177607
69.272087 20.589071
69.104904 21.000378
68.936798 21.411520
68.767746 21.822493
68.597710 22.233292
68.426674 22.643915
68.254623 23.054354
68.081520 23.464607
67.907333 23.874666
67.732040 24.284531
67.555618 24.694189
67.378021 25.103643
67.199234 25.512884
67.019234 25.921907
66.837967 26.330702
66.655426 26.739273
66.471558 27.147606
66.286354 27.555696
66.099770 27.963541
65.911758 28.371132
65.722305 28.778465
65.531357 29.185524
65.338898 29.592319
65.144882 29.998831
64.949272 30.405054
64.752022 30.810986
64.553101 31.216614
64.352463 31.621941
64.150070 32.026939
63.945881 32.431618
63.739853 32.835968
63.531952 33.239975
63.322105 33.643631
63.110283 34.046932
62.896442 34.449863
62.680534 34.852421
62.462494 35.254597
62.242283 35.656372
62.019848 36.057743
61.795135 36.458706
61.568089 36.859234
61.338646 37.259327
61.106754 37.658974
60.872356 38.058163
60.635399 38.456886
60.395794 38.855118
60.153492 39.252857
59.908432 39.650093
59.660538 40.046803
59.409756 40.442982
59.155991 40.838612
58.899185 41.233681
58.639256 41.628170
58.376129 42.022068
58.109722 42.415348
57.839966 42.808018
57.566757 43.200035
57.290020 43.591396
57.009659 43.982086
56.725594 44.372074
56.437714 44.761364
56.145943 45.149906
55.850166 45.537697
55.550282 45.924717
55.246185 46.310944
54.937782 46.696346
54.624947 47.080914
54.307564 47.464619
53.985519 47.847431
53.658695 48.229328
53.326958 48.610291
52.990189 48.990276
52.648251 49.369274
52.300995 49.747242
51.948299 50.124168
51.590019 50.499996
51.225994 50.874706
51.722767 51.067760
52.222393 51.260025
52.724911 51.451462
53.230347 51.642075
53.738758 51.831825
54.250141 52.020706
54.764557 52.208691
55.282032 52.395752
55.802616 52.581886
56.326332 52.767059
56.853222 52.951252
57.383305 53.134457
57.916626 53.316620
58.453213 53.497749
58.993107 53.677811
59.536350 53.856785
60.082958 54.034653
60.632954 54.211380
61.186390 54.386948
61.743294 54.561325
62.303703 54.734509
62.867634 54.906456
63.435120 55.077148
64.006187 55.246563
64.580887 55.414677
65.159210 55.581459
65.741211 55.746883
66.326897 55.910923
66.916313 56.073566
67.509491 56.234772
68.106407 56.394512
68.707123 56.552773
69.311638 56.709518
69.919991 56.864719
70.532204 57.018364
71.148270 57.170410
71.768196 57.320824
72.392036 57.469597
73.019775 57.616688
73.651436 57.762066
74.287018 57.905720
74.926544 58.047611
75.569984 58.187702
76.217377 58.325974
76.868706 58.462395
77.523987 58.596939
78.183205 58.729576
78.846344 58.860271
79.513412 58.989014
80.184410 59.115749
80.859314 59.240467
81.538086 59.363125
82.220734 59.483696
82.907249 59.602169
83.597588 59.718513
84.291725 59.832657
84.989647 59.944626
85.691299 60.054359
86.396667 60.161846
87.105736 60.267044
87.818413 60.369934
88.534683 60.470490
89.254501 60.568680
89.977821 60.664467
90.704590 60.757843
91.434746 60.848766
92.168236 60.937222
92.904976 61.023182
93.644943 61.106625
94.388016 61.187508
95.134186 61.265823
95.883324 61.341541
96.635391 61.414646
97.390289 61.485107
98.147919 61.552902
98.908211 61.618008
99.671082 61.680416
100.436432 61.740097
101.204170 61.797028
101.974190 61.851204
102.746376 61.902588
103.520645 61.951180
104.296898 61.996956
105.075020 62.039894
105.854889 62.080002
106.636398 62.117233
107.419418 62.151604
108.203865 62.183098
108.989586 62.211681
109.776489 62.237377
110.564430 62.260155
111.353302 62.280010
112.142952 62.296944
112.933296 62.310940
113.724167 62.322002
114.515465 62.330105
115.307045 62.335281
116.098801 62.337502
116.890579 62.336784
117.682266 62.333103
118.473694 62.326485
119.264839 62.316929
120.055458 62.304420
120.845482 62.288986
121.634758 62.270607
122.423195 62.249317
123.210609 62.225109
123.996956 62.197987
124.782059 62.167969
125.565834 62.135067
126.348152 62.099285
127.128845 62.060631
127.907867 62.019131
128.685074 61.974789
129.460373 61.927628
130.233643 61.877666
131.004776 61.824909
131.773682 61.769371
132.540253 61.711082
133.304367 61.650070
134.066025 61.586330
134.825012 61.519894
135.581329 61.450790
136.334824 61.379028
137.085464 61.304626
137.833130 61.227634
138.577789 61.148052
139.319351 61.065910
140.057739 60.981224
140.792908 60.894035
141.524750 60.804363
142.253250 60.712231
142.978317 60.617653
143.699921 60.520691
144.417999 60.421341
145.132523 60.319630
145.843430 60.215591
146.550674 60.109276
147.254211 60.000683
147.954056 59.889843
148.650131 59.776794
149.342407 59.661564
150.030838 59.544186
150.715454 59.424679
151.396210 59.303066
152.073074 59.179386
152.746048 59.053677
153.415131 58.925953
154.080261 58.796246
154.741486 58.664581
155.398773 58.531002
156.052094 58.395531
156.701492 58.258205
157.346954 58.119034
157.988434 57.978050
158.626022 57.835308
159.259674 57.690792
159.889404 57.544567
160.515228 57.396645
161.137177 57.247055
161.755203 57.095837
162.369370 56.942997
162.979675 56.788586
163.586121 56.632626
164.188782 56.475132
164.787628 56.316139
165.382690 56.155674
165.973999 55.993763
166.561569 55.830433
167.145462 55.665699
167.725662 55.499603
168.302185 55.332161
168.875107 55.163410
169.444412 54.993366
170.010147 54.822052
170.572342 54.649494
171.131012 54.475719
171.686188 54.300751
172.237961 54.124607
172.786270 53.947319
173.331223 53.768913
173.872803 53.589401
174.411087 53.408806
174.946045 53.227165
175.477783 53.044483
176.006287 52.860790
176.531616 52.676117
177.053787 52.490471
177.572815 52.303886
178.088806 52.116356
178.601730 51.927929
179.111649 51.738625
179.618591 51.548443
179.901443 50.413277
179.548889 50.035484
179.201859 49.656639
178.860199 49.276772
178.523758 48.895920
178.192429 48.514099
177.866043 48.131348
177.544495 47.747673
177.227661 47.363117
176.915421 46.977715
176.607666 46.591457
176.304245 46.204391
176.005081 45.816540
175.710083 45.427917
175.419098 45.038544
175.132050 44.648445
174.848846 44.257629
174.569412 43.866131
174.293594 43.473957
174.021347 43.081127
173.752579 42.687660
173.487183 42.293579
173.225082 41.898891
172.966232 41.503605
172.710510 41.107754
172.457840 40.711342
172.208191 40.314392
171.961441 39.916904
171.717560 39.518898
171.476440 39.120392
171.238037 38.721397
171.002304 38.321922
170.769135 37.921978
170.538483 37.521580
170.310318 37.120739
170.084549 36.719463
169.861130 36.317768
169.639999 35.915665
169.421097 35.513153
169.204391 35.110252
168.989807 34.706970
168.777328 34.303314
168.566879 33.899300
168.358383 33.494923
168.151871 33.090206
167.947220 32.685146
167.744431 32.279762
167.543457 31.874060
167.344223 31.468035
167.146729 31.061714
166.950912 30.655090
166.756744 30.248177
166.564148 29.840979
166.373138 29.433500
166.183655 29.025755
165.995667 28.617741
165.809113 28.209475
165.624008 27.800957
165.440292 27.392195
165.257889 26.983192
165.076843 26.573956
164.897079 26.164495
164.718567 25.754810
164.541290 25.344908
164.365219 24.934797
164.190308 24.524481
164.016525 24.113964
163.843857 23.703251
163.672272 23.292349
163.501755 22.881264
163.332275 22.469994
163.163788 22.058548
162.996262 21.646933
162.829712 21.235149
162.664093 20.823204
162.499359 20.411098
162.335495 19.998840
162.172516 19.586432
162.010361 19.173882
161.849014 18.761183
161.688446 18.348354
161.528671 17.935389
161.369598 17.522287
161.211273 17.109068
161.053650 16.695719
160.896713 16.282255
160.740417 15.868678
160.584778 15.454984
160.429749 15.041189
160.275330 14.627285
160.121475 14.213278
159.968201 13.799177
159.815460 13.384981
159.663239 12.970690
159.511551 12.556314
159.360321 12.141853
159.209564 11.727306
159.059280 11.312685
158.909424 10.897984
158.759979 10.483213
158.610931 10.068375
158.462265 9.653466
158.313965 9.238498
158.166031 8.823466
158.018417 8.408377
157.871094 7.993233
157.724106 7.578036
157.577393 7.162793
157.430939 6.747501
157.284744 6.332161
157.138779 5.916789
156.993042 5.501376
156.847488 5.085923
156.702133 4.670444
156.556961 4.254934
156.411942 3.839390
156.267044 3.423829
156.122299 3.008244
155.977646 2.592638
155.833099 2.177018
155.688614 1.761384
155.544220 1.345736
155.399857 0.930082
155.255539 0.514419
154.725906 0.231896
154.340210 0.363910
153.954102 0.494790
153.567627 0.624531
153.180756 0.753127
152.793472 0.880576
152.405807 1.006856
152.017746 1.131976
151.629303 1.255920
151.240463 1.378684
150.851227 1.500262
150.461594 1.620644
150.071564 1.739826
149.681152 1.857799
149.290344 1.974560
148.899155 2.090095
148.507568 2.204410
148.115585 2.317487
147.723236 2.429319
147.330475 2.539908
146.937363 2.649244
146.543839 2.757320
146.149933 2.864128
145.755661 2.969666
145.360992 3.073924
144.965942 3.176900
144.570541 3.278582
144.174774 3.378964
143.778610 3.478046
143.382095 3.575818
142.985214 3.672275
142.587982 3.767408
142.190384 3.861219
141.792404 3.953697
141.394089 4.044836
140.995407 4.134636
140.596390 4.223082
140.197021 4.310175
139.797333 4.395908
139.397293 4.480274
138.996918 4.563268
138.596222 4.644889
138.195190 4.725129
137.793854 4.803981
137.392181 4.881444
136.990173 4.957514
136.587875 5.032179
136.185272 5.105442
135.782379 5.177292
135.379181 5.247730
134.975677 5.316747
134.571884 5.384341
134.167847 5.450503
133.763504 5.515239
133.358871 5.578535
132.953979 5.640393
132.548843 5.700801
132.143448 5.759766
131.737793 5.817276
131.331879 5.873332
130.925735 5.927927
130.519348 5.981055
130.112732 6.032720
129.705902 6.082912
129.298859 6.131632
128.891571 6.178875
128.484100 6.224638
128.076416 6.268918
127.668564 6.311710
127.260513 6.353011
126.852272 6.392825
126.443855 6.431143
126.035278 6.467963
125.626518 6.503283
125.217606 6.537103
124.808556 6.569416
124.399361 6.600225
123.990013 6.629524
123.580559 6.657313
123.170967 6.683589
122.761253 6.708353
122.351440 6.731599
121.941521 6.753329
121.531502 6.773539
121.121391 6.792227
120.711197 6.809396
120.300934 6.825042
119.890594 6.839163
119.480209 6.851760
119.069756 6.862831
118.659256 6.872376
118.248726 6.880393
117.838150 6.886882
117.427528 6.891844
117.016922 6.895278
116.606293 6.897183
116.195648 6.897558
115.785019 6.896406
115.374390 6.893724
114.963783 6.889514
114.553192 6.883776
114.142632 6.876509
113.732117 6.867715
113.321640 6.857395
112.911217 6.845549
112.500854 6.832177
112.090546 6.817281
111.680321 6.800861
111.270172 6.782920
110.860115 6.763457
110.450142 6.742476
110.040260 6.719975
109.630501 6.695957
109.220856 6.670425
108.811333 6.643379
108.401932 6.614823
107.992661 6.584757
107.583534 6.553182
107.174553 6.520102
106.765724 6.485520
106.357071 6.449437
105.948563 6.411856
105.540237 6.372779
105.132088 6.332207
104.724121 6.290147
104.316360 6.246598
103.908775 6.201564
103.501419 6.155050
103.094254 6.107057
102.687309 6.057587
102.280579 6.006646
101.874092 5.954237
101.467827 5.900362
101.061806 5.845025
100.656036 5.788231
100.250496 5.729981
99.845215 5.670281
99.440216 5.609135
99.035461 5.546546
98.630989 5.482520
98.226776 5.417056
97.822853 5.350164
97.419220 5.281847
97.015877 5.212109
96.612831 5.140952
96.210068 5.068384
95.807625 4.994408
95.405487 4.919029
95.003654 4.842251
94.602142 4.764080
94.200951 4.684522
93.800087 4.603579
93.399551 4.521261
92.999352 4.437566
92.599480 4.352504
92.199944 4.266079
91.800774 4.178298
91.401932 4.089165
91.003441 3.998687
90.605301 3.906865
90.207512 3.813709
89.810089 3.719224
89.413033 3.623419
89.016335 3.526291
88.620003 3.427854
88.224037 3.328107
87.828438 3.227063
87.433228 3.124724
87.038383 3.021098
86.643921 2.916189
86.249825 2.810004
85.856133 2.702552
85.462807 2.593836
85.069862 2.483862
84.677315 2.372637
84.285156 2.260170
83.893379 2.146465
83.501991 2.031531
83.110992 1.915371
82.720375 1.797992
82.330162 1.679403
81.940338 1.559612
81.550919 1.438621
81.161880 1.316442
80.773232 1.193076
80.384979 1.068534
79.997116 0.942822
79.609665 0.815948
79.222580 0.687917
78.835907 0.558737
78.449608 0.428412
78.063713 0.296956
77.678207 0.164369
77.293091 0.030662
