88.872162 -41.720863
89.141174 -41.329674
89.406990 -40.937855
89.669670 -40.545437
89.929283 -40.152428
90.185921 -39.758854
90.439621 -39.364716
90.690483 -38.970036
90.938553 -38.574821
91.183907 -38.179092
91.426613 -37.782856
91.666733 -37.386124
91.904312 -36.988918
92.139435 -36.591236
92.372139 -36.193104
92.602486 -35.794521
92.830544 -35.395512
93.056335 -34.996071
93.279945 -34.596214
93.501404 -34.195957
93.720779 -33.795307
93.938103 -33.394272
94.153427 -32.992859
94.366806 -32.591084
94.578278 -32.188942
94.787888 -31.786467
94.995674 -31.383635
95.201698 -30.980476
95.405975 -30.576996
95.608559 -30.173203
95.809502 -29.769094
96.008820 -29.364689
96.206558 -28.959988
96.402763 -28.554998
96.597458 -28.149731
96.790688 -27.744190
96.982475 -27.338383
97.172874 -26.932316
97.361908 -26.525995
97.549606 -26.119427
97.735985 -25.712614
97.921112 -25.305569
98.104996 -24.898294
98.287674 -24.490795
98.469154 -24.083076
98.649498 -23.675148
98.828720 -23.267012
99.006836 -22.858669
99.183891 -22.450134
99.359917 -22.041407
99.534920 -21.632490
99.708923 -21.223392
99.881973 -20.814117
100.054100 -20.404671
100.225288 -19.995052
100.395607 -19.585274
100.565048 -19.175335
100.733658 -18.765242
100.901451 -18.354998
101.068436 -17.944609
101.234657 -17.534077
101.400124 -17.123407
101.564865 -16.712603
101.728889 -16.301672
101.892235 -15.890612
102.054909 -15.479431
102.216942 -15.068129
102.378357 -14.656716
102.539154 -14.245192
102.699371 -13.833558
102.859024 -13.421822
103.018127 -13.009986
103.176697 -12.598053
103.334770 -12.186025
103.492348 -11.773911
103.649452 -11.361711
103.806099 -10.949424
103.962318 -10.537059
104.118111 -10.124619
104.273514 -9.712103
104.428535 -9.299520
104.583183 -8.886868
104.737488 -8.474154
104.891457 -8.061379
105.045120 -7.648548
105.198471 -7.235661
105.351562 -6.822724
105.504372 -6.409739
105.656944 -5.996709
105.809280 -5.583636
105.961403 -5.170523
106.113335 -4.757372
106.265076 -4.344195
106.416649 -3.930982
106.568077 -3.517742
106.719360 -3.104477
106.870544 -2.691193
107.021614 -2.277887
107.172600 -1.864568
107.323524 -1.451236
107.474373 -1.037894
107.625198 -0.624541
107.775993 -0.211186
107.926781 0.202165
108.077576 0.615523
108.228386 1.028871
108.379250 1.442217
108.530159 1.855549
108.681145 2.268870
108.832214 2.682173
108.983383 3.095458
109.134682 3.508723
109.286110 3.921963
109.437668 4.335175
109.589409 4.748357
109.741341 5.161507
109.893448 5.574618
110.045792 5.987694
110.198349 6.400727
110.351166 6.813714
110.504242 7.226650
110.657593 7.639539
110.811249 8.052373
110.965218 8.465146
111.119507 8.877863
111.274147 9.290519
111.429161 9.703101
111.584549 10.115617
111.740334 10.528063
111.896538 10.940425
112.244713 10.813684
112.593132 10.688025
112.941833 10.563452
113.290771 10.439967
113.639984 10.317582
113.989456 10.196297
114.339149 10.076135
114.689140 9.957069
115.039406 9.839122
115.389931 9.722299
115.740715 9.606600
116.091766 9.492038
116.443077 9.378613
116.794647 9.266331
117.146492 9.155194
117.498589 9.045218
117.850960 8.936397
118.203590 8.828739
118.556480 8.722247
118.909615 8.616936
119.263016 8.512799
119.616684 8.409846
119.970596 8.308082
120.324783 8.207512
120.679214 8.108136
121.033897 8.009964
121.388847 7.913000
121.744034 7.817247
122.099487 7.722708
122.455177 7.629391
122.811127 7.537295
123.167252 7.446445
123.523674 7.356817
123.880363 7.268424
124.237282 7.181272
124.594429 7.095368
124.951828 7.010716
125.309456 6.927319
125.667305 6.845179
126.025398 6.764303
126.383720 6.684689
126.742264 6.606351
127.101044 6.529288
127.460022 6.453501
127.819237 6.378997
128.178650 6.305780
128.538284 6.233851
128.898132 6.163215
129.258179 6.093876
129.618454 6.025835
129.978912 5.959101
130.339569 5.893672
130.700409 5.829555
131.061478 5.766749
131.422714 5.705261
131.784073 5.645100
132.145691 5.586256
132.507462 5.528734
132.869431 5.472545
133.231567 5.417685
133.593857 5.364161
133.956345 5.311970
134.318970 5.261124
134.681747 5.211618
135.044693 5.163458
135.407776 5.116647
135.771027 5.071183
136.134399 5.027073
136.497925 4.984319
136.861588 4.942920
137.225357 4.902880
137.589279 4.864202
137.953308 4.826889
138.317474 4.790939
138.681732 4.756356
139.046112 4.723142
139.410599 4.691299
139.775192 4.660827
140.139893 4.631733
140.504654 4.604011
140.869476 4.577672
141.234421 4.552703
141.599457 4.529118
141.964569 4.506912
142.329742 4.486088
142.694992 4.466650
143.060303 4.448594
143.425659 4.431922
143.791077 4.416639
144.156540 4.402739
144.522049 4.390231
144.887604 4.379107
145.253189 4.369377
145.618805 4.361033
145.984436 4.354081
146.350098 4.348517
146.715775 4.344344
147.081467 4.341563
147.447159 4.340172
147.812881 4.340172
148.178558 4.341563
148.544250 4.344344
148.909912 4.348517
149.275574 4.354081
149.641220 4.361033
150.006836 4.369377
150.372406 4.379109
150.737961 4.390231
151.103455 4.402741
151.468933 4.416639
151.834351 4.431922
152.199722 4.448594
152.565018 4.466650
152.930267 4.486089
153.295441 4.506912
153.660538 4.529118
154.025574 4.552703
154.390533 4.577670
154.755386 4.604013
155.120178 4.631736
155.484863 4.660833
155.849426 4.691303
156.213913 4.723145
156.578293 4.756360
156.942551 4.790941
157.306717 4.826890
157.670746 4.864206
158.034653 4.902882
158.398438 4.942921
158.762100 4.984321
159.125626 5.027077
159.488998 5.071187
159.852249 5.116649
160.215332 5.163461
160.578262 5.211620
160.941040 5.261124
161.303680 5.311972
161.666138 5.364161
162.028458 5.417686
162.390579 5.472545
162.752533 5.528734
163.114319 5.586256
163.475922 5.645100
163.837341 5.705270
164.198578 5.766757
164.559631 5.829561
164.920471 5.893679
165.281128 5.959106
165.641602 6.025844
166.001846 6.093884
166.361908 6.163222
166.721756 6.233858
167.081375 6.305783
167.440796 6.379002
167.800003 6.453506
168.158981 6.529291
168.517746 6.606355
168.876297 6.684696
169.234619 6.764307
169.592697 6.845180
169.950562 6.927320
170.308182 7.010718
170.665573 7.095372
171.022736 7.181275
171.379639 7.268422
171.736313 7.356813
172.092743 7.446443
172.448914 7.537305
172.804871 7.629401
173.160568 7.722720
173.516006 7.817257
173.871201 7.913009
174.226135 8.009974
174.580826 8.108146
174.935257 8.207520
175.289429 8.308092
175.643341 8.409854
175.996994 8.512806
176.350418 8.616945
176.703568 8.722258
177.056442 8.828747
177.409073 8.936402
177.761429 9.045222
178.113541 9.155201
178.465363 9.266331
178.816925 9.378613
179.168243 9.492038
179.519302 9.606604
179.870087 9.722301
NaN NaN
-179.779404 9.839122
-179.429138 9.957069
-179.079147 10.076135
-178.729416 10.196313
-178.379944 10.317597
-178.030731 10.439982
-177.681793 10.563467
-177.333084 10.688046
-176.984665 10.813700
-176.636490 10.940440
-176.130997 10.656374
-175.973831 10.244409
-175.817078 9.832372
-175.660721 9.420266
-175.504715 9.008084
-175.349091 8.595840
-175.193802 8.183537
-175.038803 7.771172
-174.884140 7.358748
-174.729752 6.946278
-174.575638 6.533753
-174.421783 6.121181
-174.268158 5.708566
-174.114746 5.295912
-173.961563 4.883220
-173.808548 4.470493
-173.655701 4.057733
-173.503021 3.644945
-173.350494 3.232132
-173.198074 2.819296
-173.045776 2.406440
-172.893555 1.993567
-172.741409 1.580679
-172.589325 1.167778
-172.437302 0.754874
-172.285278 0.341959
-172.133301 -0.070952
-171.981293 -0.483867
-171.829285 -0.896779
-171.677231 -1.309683
-171.525131 -1.722577
-171.372971 -2.135461
-171.220734 -2.548328
-171.068390 -2.961179
-170.915924 -3.374007
-170.763336 -3.786813
-170.610596 -4.199592
-170.457718 -4.612337
-170.304642 -5.025056
-170.151367 -5.437736
-169.997894 -5.850378
-169.844208 -6.262977
-169.690247 -6.675531
-169.536057 -7.088036
-169.381561 -7.500494
-169.226776 -7.912896
-169.071701 -8.325239
-168.916290 -8.737527
-168.760544 -9.149747
-168.604416 -9.561900
-168.447922 -9.973987
-168.291031 -10.385998
-168.133713 -10.797932
-167.975983 -11.209789
-167.817795 -11.621561
-167.659134 -12.033246
-167.499985 -12.444843
-167.340332 -12.856347
-167.180161 -13.267752
-167.019455 -13.679058
-166.858170 -14.090261
-166.696304 -14.501356
-166.533844 -14.912337
-166.370758 -15.323206
-166.207031 -15.733956
-166.042648 -16.144583
-165.877563 -16.555080
-165.711807 -16.965452
-165.545288 -17.375687
-165.378036 -17.785782
-165.210007 -18.195736
-165.041199 -18.605543
-164.871582 -19.015200
-164.701111 -19.424700
-164.529785 -19.834040
-164.357559 -20.243217
-164.184448 -20.652229
-164.010406 -21.061060
-163.835388 -21.469713
-163.659378 -21.878185
-163.482376 -22.286472
-163.304337 -22.694565
-163.125229 -23.102457
-162.945007 -23.510147
-162.763702 -23.917627
-162.581238 -24.324894
-162.397583 -24.731943
-162.212753 -25.138763
-162.026657 -25.545359
-161.839310 -25.951714
-161.650665 -26.357826
-161.460693 -26.763691
-161.269348 -27.169296
-161.076614 -27.574646
-160.882462 -27.979723
-160.686829 -28.384527
-160.489700 -28.789051
-160.291046 -29.193283
-160.090820 -29.597223
-159.888962 -30.000856
-159.685486 -30.404186
-159.480301 -30.807192
-159.273407 -31.209871
-159.064728 -31.612221
-158.854248 -32.014225
-158.641907 -32.415882
-158.427658 -32.817177
-158.211487 -33.218105
-157.993317 -33.618652
-157.773132 -34.018818
-157.550827 -34.418583
-157.326401 -34.817947
-157.099792 -35.216892
-156.870941 -35.615410
-156.639801 -36.013489
-156.406326 -36.411129
-156.170441 -36.808296
-155.932098 -37.205006
-155.691223 -37.601223
-155.447800 -37.996948
-155.201721 -38.392170
-154.952942 -38.786873
-154.701401 -39.181034
-154.447006 -39.574654
-154.189728 -39.967709
-153.929459 -40.360195
-153.666153 -40.752083
-153.399734 -41.143375
-153.612091 -41.720840
-154.096146 -41.906693
-154.582260 -42.091572
-155.070496 -42.275471
-155.560837 -42.458355
-156.053314 -42.640224
-156.547913 -42.821045
-157.044693 -43.000813
-157.543640 -43.179497
-158.044785 -43.357094
-158.548126 -43.533562
-159.053711 -43.708908
-159.561523 -43.883106
-160.071594 -44.056129
-160.583923 -44.227966
-161.098511 -44.398586
-161.615417 -44.567982
-162.134613 -44.736134
-162.656143 -44.903019
-163.179977 -45.068626
-163.706161 -45.232918
-164.234711 -45.395893
-164.765594 -45.557518
-165.298813 -45.717773
-165.834442 -45.876652
-166.372437 -46.034119
-166.912842 -46.190174
-167.455643 -46.344772
-168.000809 -46.497906
-168.548401 -46.649555
-169.098419 -46.799702
-169.650864 -46.948330
-170.205688 -47.095398
-170.762939 -47.240906
-171.322617 -47.384815
-171.884689 -47.527119
-172.449188 -47.667797
-173.016129 -47.806820
-173.585449 -47.944176
-174.157211 -48.079845
-174.731339 -48.213795
-175.307907 -48.346016
-175.886841 -48.476479
-176.468155 -48.605171
-177.051849 -48.732063
-177.637909 -48.857147
-178.226318 -48.980392
-178.817062 -49.101776
-179.410141 -49.221291
NaN NaN
179.994461 -49.338905
179.396774 -49.454605
178.796783 -49.568375
178.194550 -49.680183
177.590103 -49.790009
176.983398 -49.897842
176.374512 -50.003662
175.763428 -50.107449
175.150223 -50.209183
174.534866 -50.308838
173.917419 -50.406410
173.297928 -50.501869
172.676346 -50.595203
172.052780 -50.686394
171.427246 -50.775417
170.799759 -50.862259
170.170380 -50.946903
169.539124 -51.029335
168.906021 -51.109543
168.271118 -51.187489
167.634476 -51.263184
166.996094 -51.336601
166.356049 -51.407715
165.714401 -51.476524
165.071152 -51.543015
164.426361 -51.607166
163.780090 -51.668961
163.132370 -51.728397
162.483261 -51.785454
161.832840 -51.840126
161.181091 -51.892391
160.528091 -51.942253
159.873932 -51.989689
159.218643 -52.034687
158.562286 -52.077244
157.904922 -52.117344
157.246582 -52.154980
156.587326 -52.190151
155.927246 -52.222843
155.266373 -52.253056
154.604782 -52.280769
153.942520 -52.305977
153.279678 -52.328690
152.616287 -52.348888
151.952423 -52.366570
151.288147 -52.381741
150.623520 -52.394382
149.958588 -52.404495
149.293457 -52.412086
148.628159 -52.417145
147.962753 -52.419678
147.297318 -52.419678
146.631897 -52.417145
145.966599 -52.412086
145.301453 -52.404495
144.636536 -52.394382
143.971893 -52.381741
143.307602 -52.366570
142.643738 -52.348888
141.980347 -52.328690
141.317490 -52.305981
140.655228 -52.280769
139.993637 -52.253056
139.332764 -52.222843
138.672684 -52.190155
138.013443 -52.154987
137.355103 -52.117344
136.697723 -52.077244
136.041367 -52.034687
135.386047 -51.989681
134.731995 -51.942257
134.079010 -51.892399
133.427277 -51.840137
132.776794 -51.785461
132.127701 -51.728401
131.479980 -51.668964
130.833694 -51.607166
130.188904 -51.543015
129.545654 -51.476536
128.903992 -51.407715
128.263947 -51.336601
127.625565 -51.263191
126.988922 -51.187500
126.354027 -51.109543
125.720924 -51.029343
125.089645 -50.946915
124.460258 -50.862263
123.832771 -50.775421
123.207237 -50.686394
122.583649 -50.595203
121.962090 -50.501877
121.342583 -50.406410
120.725128 -50.308838
120.109787 -50.209183
119.496574 -50.107449
118.885567 -50.003677
118.276672 -49.897858
117.669975 -49.790020
117.065498 -49.680195
116.463272 -49.568386
115.863304 -49.454620
115.265594 -49.338917
114.670197 -49.221302
114.077118 -49.101788
113.486359 -48.980400
112.897949 -48.857155
112.311897 -48.732075
111.728203 -48.605175
111.146873 -48.476486
110.567932 -48.346027
109.991364 -48.213799
109.417221 -48.079845
108.845482 -47.944187
108.276138 -47.806828
107.709221 -47.667801
107.144707 -47.527122
106.582611 -47.384815
106.022934 -47.240894
105.465668 -47.095394
104.910934 -46.948345
104.358498 -46.799725
103.808487 -46.649574
103.260887 -46.497921
102.715683 -46.344791
102.172905 -46.190182
101.632515 -46.034142
101.094482 -45.876663
100.558861 -45.717789
100.025612 -45.557526
99.494728 -45.395905
98.966209 -45.232933
98.440025 -45.068638
97.916168 -44.903030
97.394638 -44.736145
96.875450 -44.567993
96.358543 -44.398598
95.843925 -44.227966
95.331596 -44.056129
94.821533 -43.883106
94.313721 -43.708908
93.808136 -43.533569
93.304794 -43.357094
92.803650 -43.179497
92.304703 -43.000813
91.807983 -42.821068
91.313370 -42.640244
90.820908 -42.458382
90.330559 -42.275490
89.842339 -42.091599
89.356201 -41.906715
