-9.982038 22.203087
-10.170460 22.607136
-10.359991 23.010965
-10.550659 23.414568
-10.742494 23.817936
-10.935525 24.221060
-11.129783 24.623945
-11.325296 25.026583
-11.522095 25.428961
-11.720211 25.831072
-11.919677 26.232908
-12.120528 26.634474
-12.322798 27.035759
-12.526508 27.436745
-12.731714 27.837431
-12.938437 28.237822
-13.146717 28.637888
-13.356591 29.037640
-13.568095 29.437057
-13.781272 29.836143
-13.996163 30.234886
-14.212793 30.633274
-14.431215 31.031296
-14.651479 31.428953
-14.873607 31.826225
-15.097657 32.223106
-15.323679 32.619591
-15.551702 33.015671
-15.781783 33.411331
-16.013971 33.806561
-16.248312 34.201351
-16.484859 34.595695
-16.723660 34.989571
-16.964766 35.382980
-17.208237 35.775906
-17.454124 36.168335
-17.702484 36.560253
-17.953377 36.951656
-18.206856 37.342522
-18.462984 37.732845
-18.721830 38.122608
-18.983452 38.511799
-19.247913 38.900394
-19.515284 39.288391
-19.785629 39.675766
-20.059025 40.062511
-20.335541 40.448608
-20.615248 40.834026
-20.898216 41.218777
-21.184542 41.602818
-21.474285 41.986141
-21.767534 42.368729
-22.064375 42.750561
-22.364901 43.131615
-22.669182 43.511871
-22.977318 43.891308
-23.289404 44.269913
-23.605528 44.647655
-23.925793 45.024517
-24.250301 45.400467
-24.579151 45.775490
-24.912447 46.149551
-25.250299 46.522629
-25.592813 46.894703
-25.940115 47.265747
-26.292307 47.635712
-26.649511 48.004601
-27.011860 48.372356
-27.379463 48.738956
-27.752470 49.104374
-28.130997 49.468567
-28.515181 49.831509
-28.905169 50.193165
-29.301096 50.553497
-29.703117 50.912457
-30.111368 51.270023
-30.526009 51.626144
-30.947203 51.980782
-31.375093 52.333897
-31.809874 52.685440
-32.251682 53.035362
-32.700699 53.383621
-33.157112 53.730171
-33.621094 54.074963
-34.092823 54.417934
-34.572491 54.759033
-35.060280 55.098209
-35.556408 55.435406
-36.061050 55.770561
-36.574421 56.103615
-37.096714 56.434494
-37.628159 56.763153
-38.168953 57.089512
-38.719311 57.413486
-39.279465 57.735027
-39.849617 58.054050
-40.430012 58.370487
-41.020859 58.684246
-41.622391 58.995251
-42.234829 59.303421
-42.858429 59.608662
-43.493401 59.910892
-44.139965 60.209999
-44.798382 60.505909
-44.240299 60.808201
-43.673416 61.108929
-43.097473 61.408043
-42.512241 61.705490
-41.917484 62.001217
-41.312923 62.295147
-40.698315 62.587234
-40.073387 62.877399
-39.437878 63.165585
-38.791512 63.451717
-38.133995 63.735737
-37.465061 64.017548
-36.784420 64.297081
-36.091755 64.574265
-35.386806 64.849014
-34.669243 65.121239
-33.938782 65.390846
-33.195114 65.657761
-32.437931 65.921875
-31.666945 66.183098
-30.881824 66.441307
-30.082287 66.696442
-29.268021 66.948364
-28.438734 67.196960
-27.594130 67.442139
-26.733929 67.683762
-25.857849 67.921722
-24.965628 68.155891
-24.056993 68.386139
-23.131725 68.612343
-22.189573 68.834366
-21.230350 69.052055
-20.253845 69.265305
-19.259903 69.473938
-18.248383 69.677826
-17.219158 69.876831
-16.172159 70.070793
-15.107329 70.259544
-14.024659 70.442947
-12.924165 70.620865
-11.805930 70.793114
-10.670056 70.959541
-9.516712 71.120003
-8.346100 71.274338
-7.158504 71.422386
-5.954234 71.563995
-4.733661 71.699013
-3.497243 71.827293
-2.245459 71.948692
-0.978874 72.063057
0.301881 72.170273
1.596126 72.270180
2.903124 72.362686
4.222063 72.447632
5.552084 72.524940
6.892262 72.594505
8.241637 72.656204
9.599181 72.709976
10.963838 72.755730
12.334510 72.793434
13.710057 72.822998
15.089318 72.844391
16.471100 72.857597
17.854225 72.862572
19.237476 72.859322
20.619644 72.847855
21.999538 72.828178
23.375965 72.800339
24.747755 72.764351
26.113770 72.720276
27.472908 72.668190
28.824089 72.608162
30.166290 72.540253
31.498535 72.464561
32.819878 72.381218
34.129452 72.290298
35.426456 72.191940
36.710114 72.086258
37.979729 71.973389
39.234688 71.853447
40.474388 71.726616
41.698338 71.593002
42.906086 71.452766
44.097225 71.306061
45.271442 71.153038
46.428432 70.993858
47.568005 70.828674
48.689976 70.657639
49.794212 70.480904
50.880630 70.298653
51.949238 70.111008
52.999985 69.918129
54.032940 69.720184
55.048199 69.517303
56.045830 69.309654
57.025986 69.097382
57.988850 68.880600
58.934578 68.659485
59.863396 68.434158
60.775497 68.204750
61.671162 67.971405
62.550625 67.734222
63.414150 67.493362
64.262009 67.248924
65.094498 67.001030
65.230057 66.403198
64.566925 66.053688
63.921810 65.701439
63.294102 65.346504
62.683182 64.989052
62.088425 64.629158
61.509274 64.266937
60.945160 63.902489
60.395554 63.535904
59.859932 63.167278
59.337803 62.796673
58.828690 62.424191
58.332123 62.049889
57.847656 61.673851
57.374882 61.296150
56.913364 60.916836
56.462734 60.535984
56.022598 60.153656
55.592609 59.769901
55.172409 59.384762
54.761665 58.998302
54.360050 58.610580
53.967258 58.221642
53.583000 57.831516
53.206978 57.440250
52.838928 57.047890
52.478588 56.654476
52.125690 56.260040
51.780010 55.864620
51.441296 55.468254
51.109344 55.070972
50.783920 54.672806
50.464828 54.273777
50.151852 53.873932
49.844814 53.473278
49.543533 53.071861
49.247814 52.669697
48.957493 52.266796
48.672405 51.863213
48.392395 51.458946
48.117302 51.054024
47.846989 50.648472
47.581303 50.242306
47.320107 49.835533
47.063271 49.428192
46.810677 49.020290
46.562183 48.611843
46.317680 48.202873
46.077057 47.793396
45.840199 47.383415
45.606995 46.972961
45.377350 46.562035
45.151154 46.150665
44.928322 45.738846
44.708748 45.326607
44.492355 44.913948
44.279041 44.500893
44.068737 44.087437
43.861351 43.673607
43.656811 43.259407
43.455032 42.844849
43.255939 42.429943
43.059479 42.014687
42.865562 41.599110
42.674126 41.183212
42.485107 40.766994
42.298443 40.350475
42.114075 39.933655
41.931934 39.516552
41.751968 39.099171
41.574123 38.681511
41.398342 38.263588
41.224575 37.845402
41.052769 37.426964
40.882866 37.008282
40.714832 36.589363
40.548611 36.170208
40.384159 35.750824
40.221432 35.331223
40.060390 34.911400
39.900974 34.491367
39.743172 34.071136
39.586922 33.650700
39.432190 33.230068
39.278942 32.809254
39.127132 32.388245
38.976738 31.967062
38.827717 31.545706
38.680031 31.124172
38.533657 30.702477
38.388557 30.280617
38.244701 29.858593
38.102051 29.436420
37.960583 29.014099
37.820267 28.591627
37.681080 28.169010
37.542988 27.746254
37.405960 27.323360
37.269978 26.900343
37.135006 26.477188
37.001026 26.053909
36.868008 25.630505
36.305088 25.315218
35.873119 25.421015
35.440056 25.524361
35.005901 25.625252
34.570702 25.723669
34.134453 25.819603
33.697193 25.913040
33.258934 26.003967
32.819706 26.092382
32.379528 26.178270
31.938423 26.261616
31.496426 26.342417
31.053543 26.420660
30.609812 26.496330
30.165257 26.569429
29.719893 26.639936
29.273762 26.707846
28.826883 26.773159
28.379278 26.835854
27.930981 26.895927
27.482023 26.953375
27.032421 27.008190
26.582211 27.060362
26.131418 27.109884
25.680075 27.156748
25.228207 27.200953
24.775845 27.242489
24.323023 27.281355
23.869766 27.317537
23.416101 27.351046
22.962067 27.381863
22.507692 27.409985
22.053003 27.435419
21.598034 27.458151
21.142813 27.478180
20.687376 27.495508
20.231754 27.510132
19.775974 27.522049
19.320072 27.531254
18.864077 27.537746
18.408024 27.541529
17.951939 27.542601
17.495857 27.540958
17.039816 27.536602
16.583838 27.529541
16.127958 27.519762
15.672210 27.507278
15.216622 27.492085
14.761230 27.474186
14.306061 27.453587
13.851149 27.430283
13.396523 27.404284
12.942214 27.375589
12.488255 27.344206
12.034678 27.310135
11.581507 27.273386
11.128778 27.233959
10.676517 27.191856
10.224760 27.147089
9.773531 27.099667
9.322860 27.049585
8.872776 26.996861
8.423306 26.941486
7.974482 26.883488
7.526330 26.822859
7.078877 26.759611
6.632153 26.693748
6.186179 26.625290
5.740989 26.554237
5.296601 26.480598
4.853047 26.404381
4.410350 26.325600
3.968535 26.244265
3.527625 26.160379
3.087648 26.073961
2.648621 25.985016
2.210573 25.893553
1.773522 25.799589
1.337496 25.703133
0.902507 25.604195
0.468587 25.502789
0.035751 25.398920
-0.395978 25.292612
-0.826584 25.183867
-1.256051 25.072704
-1.684352 24.959129
-2.111468 24.843164
-2.537390 24.724813
-2.962097 24.604097
-3.385571 24.481024
-3.807796 24.355614
-4.228759 24.227869
-4.648447 24.097813
-5.066835 23.965460
-5.483918 23.830818
-5.899678 23.693907
-6.314108 23.554735
-6.727188 23.413326
-7.138912 23.269686
-7.549268 23.123831
-7.958239 22.975784
-8.365818 22.825548
-8.771997 22.673147
-9.176768 22.518595
-9.580118 22.361902
