26.180407 -12.967033
26.137514 -12.529028
26.094761 -12.091016
26.052147 -11.652994
26.009666 -11.214971
25.967316 -10.776939
25.925089 -10.338902
25.882977 -9.900859
25.840979 -9.462809
25.799091 -9.024757
25.757298 -8.586701
25.715607 -8.148637
25.674007 -7.710570
25.632490 -7.272503
25.591055 -6.834425
25.549698 -6.396348
25.508410 -5.958269
25.467188 -5.520182
25.426027 -5.082096
25.384922 -4.644009
25.343870 -4.205914
25.302862 -3.767822
25.261894 -3.329723
25.220968 -2.891628
25.180065 -2.453529
25.139193 -2.015424
25.098345 -1.577326
25.057510 -1.139225
25.016687 -0.701119
24.975880 -0.263018
24.935066 0.175083
24.894255 0.613189
24.853437 1.051291
24.812611 1.489397
24.771763 1.927497
24.730890 2.365596
24.690006 2.803697
24.649078 3.241794
24.608122 3.679890
24.567120 4.117986
24.526073 4.556078
24.484980 4.994166
24.443829 5.432257
24.402622 5.870339
24.361351 6.308419
24.320004 6.746500
24.278589 7.184574
24.237085 7.622648
24.195503 8.060714
24.153830 8.498775
24.112059 8.936836
24.070190 9.374888
24.028215 9.812937
23.986124 10.250982
23.943924 10.689021
23.901596 11.127052
23.859144 11.565081
23.816557 12.003100
23.773834 12.441114
23.730968 12.879123
23.687944 13.317121
23.644775 13.755116
23.601435 14.193102
23.557930 14.631079
23.514250 15.069050
23.470394 15.507011
23.426346 15.944963
23.382103 16.382906
23.337669 16.820841
23.293028 17.258766
23.248169 17.696682
23.203096 18.134584
23.157793 18.572479
23.112263 19.010363
23.066483 19.448233
23.020466 19.886095
22.974184 20.323944
22.927643 20.761780
22.880833 21.199604
22.833744 21.637413
22.786367 22.075211
22.738699 22.512995
22.690723 22.950764
22.642441 23.388519
22.593838 23.826262
22.544895 24.263987
22.495630 24.701694
22.446005 25.139385
22.396032 25.577063
22.345690 26.014723
22.294970 26.452366
22.243862 26.889986
22.192360 27.327589
22.140446 27.765177
22.088114 28.202744
22.035351 28.640293
21.982147 29.077814
21.928486 29.515318
21.874363 29.952803
21.819759 30.390263
21.764669 30.827702
21.709068 31.265114
21.652956 31.702505
21.596306 32.139874
21.539114 32.577206
21.481359 33.014519
21.423031 33.451813
21.364109 33.889072
21.304581 34.326298
21.244431 34.763504
21.183636 35.200668
21.122185 35.637810
21.060061 36.074924
20.997240 36.512001
20.933706 36.949039
20.869440 37.386055
20.804424 37.823029
20.738625 38.259972
20.672031 38.696869
20.604620 39.133728
20.536369 39.570553
20.467251 40.007339
20.397245 40.444069
20.326328 40.880775
20.254461 41.317429
20.181623 41.754040
20.107792 42.190594
20.032934 42.627117
19.957016 43.063587
19.880013 43.499996
20.371859 43.545704
20.864157 43.590881
21.356928 43.635529
21.850149 43.679630
22.343822 43.723186
22.837952 43.766201
23.332523 43.808662
23.827530 43.850574
24.322975 43.891926
24.818850 43.932716
25.315159 43.972939
25.811888 44.012596
26.309023 44.051685
26.806581 44.090199
27.304546 44.128120
27.802912 44.165474
28.301680 44.202240
28.800837 44.238415
29.300379 44.273998
29.800304 44.308990
30.300610 44.343380
30.801283 44.377174
31.302324 44.410355
31.803726 44.442944
32.305473 44.474907
32.807571 44.506264
33.310024 44.537006
33.812798 44.567131
34.315907 44.596630
34.819347 44.625515
35.323101 44.653763
35.827160 44.681385
36.331535 44.708378
36.836205 44.734730
37.341160 44.760456
37.846413 44.785534
38.351940 44.809978
38.857735 44.833771
39.363800 44.856926
39.870129 44.879429
40.376694 44.901287
40.883514 44.922489
41.390575 44.943039
41.897865 44.962933
42.405373 44.982170
42.913105 45.000748
43.421040 45.018654
43.929180 45.035912
44.437515 45.052498
44.946037 45.068420
45.454735 45.083679
45.963612 45.098267
46.472645 45.112179
46.981842 45.125423
47.491192 45.137997
48.000675 45.149895
48.510296 45.161114
49.020042 45.171665
49.529911 45.181530
50.039883 45.190723
50.549969 45.199234
51.060143 45.207066
51.570396 45.214222
52.080742 45.220692
52.591160 45.226486
53.101631 45.231590
53.612167 45.236012
54.122749 45.239754
54.633369 45.242813
55.144016 45.245182
55.654697 45.246876
56.165382 45.247875
56.676079 45.248199
57.186783 45.247837
57.697472 45.246792
58.208145 45.245052
58.718800 45.242638
59.229416 45.239536
59.739986 45.235756
60.250523 45.231289
60.760990 45.226139
61.271397 45.220306
61.781734 45.213791
62.292000 45.206596
62.802166 45.198719
63.312237 45.190166
63.822212 45.180931
64.332069 45.171021
64.841812 45.160431
65.351418 45.149162
65.860893 45.137222
66.370232 45.124607
66.879417 45.111324
67.388451 45.097363
67.897308 45.082737
68.405991 45.067440
68.914505 45.051476
69.422821 45.034843
69.930962 45.017548
70.438889 44.999592
70.946602 44.980976
71.454094 44.961697
71.961365 44.941765
72.468414 44.921173
72.975220 44.899929
73.481781 44.878033
73.988075 44.855484
74.494133 44.832294
74.999916 44.808456
75.505424 44.783978
76.010651 44.758854
76.515594 44.733093
77.020248 44.706696
77.524597 44.679665
78.028633 44.652000
78.532372 44.623711
79.035782 44.594791
79.538872 44.565250
80.041641 44.535088
80.544060 44.504307
81.046135 44.472912
81.547867 44.440903
82.049240 44.408287
82.550270 44.375061
83.050919 44.341232
83.551193 44.306805
84.051094 44.271774
84.550606 44.236153
85.049759 44.199936
85.548492 44.163139
86.046837 44.125751
86.544762 44.087788
87.042297 44.049236
87.539413 44.010117
88.036110 43.970421
88.532387 43.930161
89.028244 43.889339
89.523666 43.847950
90.018646 43.806004
90.513184 43.763504
91.007278 43.720463
91.500923 43.676868
91.994133 43.632729
92.486870 43.588051
92.979141 43.542839
93.470940 43.497101
93.962296 43.450829
94.453171 43.404037
94.943573 43.356720
95.433487 43.308891
95.922928 43.260551
96.411865 43.211708
96.900337 43.162354
97.388298 43.112503
97.875778 43.062157
98.362747 43.011326
98.849236 42.959999
99.335205 42.908188
99.820679 42.855907
100.305641 42.803146
100.790092 42.749916
101.274025 42.696217
101.757454 42.642063
102.240341 42.587448
102.722733 42.532383
103.204590 42.476864
103.685928 42.420910
104.166756 42.364510
104.647041 42.307674
105.126793 42.250412
105.606018 42.192722
106.084717 42.134609
106.562881 42.076080
107.040520 42.017139
107.517609 41.957787
107.994171 41.898037
108.470177 41.837887
108.945663 41.777340
109.420609 41.716408
109.895004 41.655087
110.368874 41.593388
110.842186 41.531311
111.314957 41.468864
111.787193 41.406048
112.258881 41.342876
112.730026 41.279343
113.200638 41.215458
113.670692 41.151226
114.140190 41.086655
114.609161 41.021740
115.077591 40.956497
115.439751 40.458294
115.335373 40.025558
115.232323 39.592739
115.130539 39.159836
115.030006 38.726833
114.930687 38.293755
114.832550 37.860584
114.735558 37.427345
114.639679 36.994019
114.544884 36.560619
114.451141 36.127151
114.358437 35.693604
114.266739 35.259983
114.176010 34.826298
114.086235 34.392540
113.997391 33.958733
113.909439 33.524853
113.822365 33.090908
113.736153 32.656910
113.650772 32.222851
113.566208 31.788731
113.482430 31.354563
113.399414 30.920336
113.317146 30.486055
113.235626 30.051723
113.154808 29.617352
113.074692 29.182920
112.995239 28.748446
112.916458 28.313925
112.838303 27.879356
112.760780 27.444748
112.683868 27.010096
112.607544 26.575403
112.531799 26.140669
112.456619 25.705896
112.381989 25.271084
112.307877 24.836231
112.234306 24.401350
112.161224 23.966429
112.088631 23.531473
112.016533 23.096487
111.944885 22.661463
111.873688 22.226412
111.802940 21.791330
111.732628 21.356218
111.662720 20.921074
111.593224 20.485903
111.524117 20.050705
111.455391 19.615480
111.387032 19.180229
111.319038 18.744955
111.251396 18.309654
111.184097 17.874331
111.117119 17.438984
111.050461 17.003613
110.984108 16.568222
110.918068 16.132811
110.852310 15.697379
110.786827 15.261929
110.721619 14.826456
110.656677 14.390968
110.591988 13.955462
110.527534 13.519939
110.463318 13.084399
110.399330 12.648842
110.335564 12.213272
110.272011 11.777688
110.208649 11.342087
110.145493 10.906473
110.082504 10.470848
110.019714 10.035210
109.957062 9.599560
109.894592 9.163899
109.832275 8.728225
109.770096 8.292544
109.708061 7.856854
109.646156 7.421151
109.584366 6.985443
109.522690 6.549727
109.461136 6.114000
109.399673 5.678269
109.338303 5.242532
109.277023 4.806786
109.215813 4.371037
109.154678 3.935279
109.093613 3.499522
109.032600 3.063761
108.971634 2.627991
108.910706 2.192223
108.849823 1.756452
108.788963 1.320676
108.728134 0.884902
108.667313 0.449126
108.606499 0.013347
108.545685 -0.422429
108.484856 -0.858203
108.424026 -1.293982
108.363174 -1.729755
108.302284 -2.165530
108.241364 -2.601298
108.180412 -3.037063
108.119392 -3.472828
108.058327 -3.908587
107.997200 -4.344339
107.935997 -4.780093
107.874718 -5.215837
107.813354 -5.651574
107.751900 -6.087309
107.690346 -6.523033
107.628677 -6.958753
107.566902 -7.394461
107.504997 -7.830160
107.442978 -8.265855
107.380814 -8.701537
107.318497 -9.137209
107.256035 -9.572874
107.193405 -10.008521
107.130615 -10.444160
107.067650 -10.879789
107.004494 -11.315402
106.941154 -11.751000
106.877609 -12.186588
106.813843 -12.622161
106.749878 -13.057718
106.685669 -13.493258
106.621239 -13.928782
106.556557 -14.364292
106.491631 -14.799780
106.006729 -15.176814
105.587074 -15.118744
105.167488 -15.061046
104.747963 -15.003718
104.328499 -14.946767
103.909073 -14.890192
103.489708 -14.834002
103.070389 -14.778193
102.651138 -14.722775
102.231949 -14.667747
101.812790 -14.613111
101.393677 -14.558868
100.974617 -14.505028
100.555603 -14.451589
100.136635 -14.398554
99.717720 -14.345929
99.298843 -14.293711
98.880005 -14.241906
98.461212 -14.190517
98.042450 -14.139547
97.623734 -14.088997
97.205063 -14.038874
96.786423 -13.989174
96.367813 -13.939904
95.949249 -13.891065
95.530708 -13.842659
95.112213 -13.794691
94.693741 -13.747163
94.275314 -13.700077
93.856903 -13.653434
93.438530 -13.607237
93.020180 -13.561490
92.601852 -13.516194
92.183563 -13.471353
91.765297 -13.426969
91.347054 -13.383041
90.928841 -13.339575
90.510658 -13.296572
90.092484 -13.254034
89.674339 -13.211963
89.256226 -13.170364
88.838120 -13.129237
88.420044 -13.088583
88.001984 -13.048406
87.583931 -13.008706
87.165916 -12.969488
86.747917 -12.930753
86.329933 -12.892501
85.911957 -12.854737
85.494003 -12.817461
85.076065 -12.780677
84.658142 -12.744384
84.240242 -12.708586
83.822350 -12.673285
83.404465 -12.638481
82.986595 -12.604178
82.568748 -12.570376
82.150902 -12.537080
81.733070 -12.504288
81.315254 -12.472002
80.897446 -12.440227
80.479652 -12.408961
80.061859 -12.378208
79.644073 -12.347968
79.226311 -12.318245
78.808548 -12.289037
78.390800 -12.260349
77.973053 -12.232181
77.555313 -12.204534
77.137581 -12.177409
76.719864 -12.150810
76.302147 -12.124736
75.884445 -12.099191
75.466728 -12.074171
75.049034 -12.049685
74.631340 -12.025727
74.213654 -12.002302
73.795975 -11.979412
73.378296 -11.957056
72.960625 -11.935237
72.542953 -11.913954
72.125290 -11.893209
71.707626 -11.873005
71.289970 -11.853340
70.872314 -11.834217
70.454666 -11.815639
70.037025 -11.797602
69.619377 -11.780109
69.201721 -11.763163
68.784096 -11.746762
68.366455 -11.730910
67.948830 -11.715605
67.531197 -11.700849
67.113556 -11.686642
66.695923 -11.672986
66.278297 -11.659881
65.860680 -11.647327
65.443054 -11.635326
65.025436 -11.623879
64.607811 -11.612986
64.190186 -11.602645
63.772564 -11.592860
63.354954 -11.583631
62.937336 -11.574958
62.519722 -11.566839
62.102104 -11.559279
61.684486 -11.552276
61.266876 -11.545830
60.849262 -11.539941
60.431644 -11.534611
60.014034 -11.529840
59.596432 -11.525628
59.178810 -11.521973
58.761208 -11.518879
58.343597 -11.516343
57.925983 -11.514366
57.508373 -11.512951
57.090763 -11.512092
56.673149 -11.511795
56.255543 -11.512058
55.837933 -11.512879
55.420319 -11.514260
55.002712 -11.516202
54.585098 -11.518702
54.167484 -11.521762
53.749874 -11.525380
53.332264 -11.529558
52.914650 -11.534295
52.497036 -11.539590
52.079430 -11.545442
51.661812 -11.551853
51.244194 -11.558822
50.826584 -11.566347
50.408966 -11.574430
49.991348 -11.583068
49.573730 -11.592263
49.156109 -11.602014
48.738491 -11.612317
48.320869 -11.623177
47.903252 -11.634589
47.485622 -11.646555
47.068001 -11.659074
46.650375 -11.672144
46.232742 -11.685765
45.815113 -11.699937
45.397484 -11.714659
44.979847 -11.729929
44.562210 -11.745748
44.144573 -11.762114
43.726929 -11.779026
43.309277 -11.796483
42.891640 -11.814486
42.473988 -11.833032
42.056328 -11.852120
41.638683 -11.871749
41.221012 -11.891920
40.803349 -11.912631
40.385685 -11.933879
39.968010 -11.955666
39.550331 -11.977987
39.132648 -12.000845
38.714966 -12.024236
38.297268 -12.048160
37.879570 -12.072614
37.461872 -12.097598
37.044159 -12.123112
36.626446 -12.149152
36.208725 -12.175718
35.790997 -12.202809
35.373257 -12.230423
34.955513 -12.258559
34.537758 -12.287214
34.119999 -12.316389
33.702236 -12.346080
33.284454 -12.376287
32.866665 -12.407009
32.448868 -12.438242
32.031063 -12.469986
31.613239 -12.502238
31.195412 -12.534999
30.777569 -12.568265
30.359718 -12.602034
29.941851 -12.636305
29.523975 -12.671077
29.106085 -12.706347
28.688173 -12.742114
28.270252 -12.778376
27.852314 -12.815129
27.434364 -12.852374
27.016396 -12.890107
26.598419 -12.928329
